0 0
0.1 0.02
0.2 0.06
0.3 0.12
0.4 0.2
0.5 0.3
0.6 0.42
0.7 0.56
0.8 0.72
0.9 0.9
1 1.1
1.1 1.32
1.2 1.56
1.3 1.82
1.4 2.1
1.5 2.4
1.6 2.72
1.7 3.06
1.8 3.42
1.9 3.8
2 4.2
2.1 4.62
2.2 5.06
2.3 5.52
2.4 6
2.5 6.5
2.6 7.02
2.7 7.56
2.8 8.12
2.9 8.7
3 9.3
3.1 9.92
3.2 10.56
3.3 11.22
3.4 11.9
3.5 12.6
3.6 13.32
3.7 14.06
3.8 14.82
3.9 15.6
4 16.4
4.1 17.22
4.2 18.06
4.3 18.92
4.4 19.8
4.5 20.7
4.6 21.62
4.7 22.56
4.8 23.52
4.9 24.5
5 25.5
5.1 26.52
5.2 27.56
5.3 28.62
5.4 29.7
5.5 30.8
5.6 31.92
5.7 33.06
5.8 34.22
5.9 35.4
6 36.6
6.1 37.82
6.2 39.06
6.3 40.32
6.4 41.6
6.5 42.9
6.6 44.22
6.7 45.56
6.8 46.92
6.9 48.3
7 49.7
7.1 51.12
7.2 52.56
7.3 54.02
7.4 55.5
7.5 57
7.6 58.52
7.7 60.06
7.8 61.62
7.9 63.2
8 64.8
8.1 66.42
8.2 68.06
8.3 69.72
8.4 71.4
8.5 73.1
8.6 74.82
8.7 76.56
8.8 78.32
8.9 80.1
9 81.9
9.1 83.72
9.2 85.56
9.3 87.42
9.4 89.3
9.5 91.2
9.6 93.12
9.7 95.06
9.8 97.02
9.9 99

