0 0
0.01 0.0002
0.02 0.0006
0.03 0.0012
0.04 0.002
0.05 0.003
0.06 0.0042
0.07 0.0056
0.08 0.0072
0.09 0.009
0.1 0.011
0.11 0.0132
0.12 0.0156
0.13 0.0182
0.14 0.021
0.15 0.024
0.16 0.0272
0.17 0.0306
0.18 0.0342
0.19 0.038
0.2 0.042
0.21 0.0462
0.22 0.0506
0.23 0.0552
0.24 0.06
0.25 0.065
0.26 0.0702
0.27 0.0756
0.28 0.0812
0.29 0.087
0.3 0.093
0.31 0.0992
0.32 0.1056
0.33 0.1122
0.34 0.119
0.35 0.126
0.36 0.1332
0.37 0.1406
0.38 0.1482
0.39 0.156
0.4 0.164
0.41 0.1722
0.42 0.1806
0.43 0.1892
0.44 0.198
0.45 0.207
0.46 0.2162
0.47 0.2256
0.48 0.2352
0.49 0.245
0.5 0.255
0.51 0.2652
0.52 0.2756
0.53 0.2862
0.54 0.297
0.55 0.308
0.56 0.3192
0.57 0.3306
0.58 0.3422
0.59 0.354
0.6 0.366
0.61 0.3782
0.62 0.3906
0.63 0.4032
0.64 0.416
0.65 0.429
0.66 0.4422
0.67 0.4556
0.68 0.4692
0.69 0.483
0.7 0.497
0.71 0.5112
0.72 0.5256
0.73 0.5402
0.74 0.555
0.75 0.57
0.76 0.5852
0.77 0.6006
0.78 0.6162
0.79 0.632
0.8 0.648
0.81 0.6642
0.82 0.6806
0.83 0.6972
0.84 0.714
0.85 0.731
0.86 0.7482
0.87 0.7656
0.88 0.7832
0.89 0.801
0.9 0.819
0.91 0.8372
0.92 0.8556
0.93 0.8742
0.94 0.893
0.95 0.912
0.96 0.9312
0.97 0.9506
0.98 0.9702
0.99 0.99
1 1.01
1.01 1.0302
1.02 1.0506
1.03 1.0712
1.04 1.092
1.05 1.113
1.06 1.1342
1.07 1.1556
1.08 1.1772
1.09 1.199
1.1 1.221
1.11 1.2432
1.12 1.2656
1.13 1.2882
1.14 1.311
1.15 1.334
1.16 1.3572
1.17 1.3806
1.18 1.4042
1.19 1.428
1.2 1.452
1.21 1.4762
1.22 1.5006
1.23 1.5252
1.24 1.55
1.25 1.575
1.26 1.6002
1.27 1.6256
1.28 1.6512
1.29 1.677
1.3 1.703
1.31 1.7292
1.32 1.7556
1.33 1.7822
1.34 1.809
1.35 1.836
1.36 1.8632
1.37 1.8906
1.38 1.9182
1.39 1.946
1.4 1.974
1.41 2.0022
1.42 2.0306
1.43 2.0592
1.44 2.088
1.45 2.117
1.46 2.1462
1.47 2.1756
1.48 2.2052
1.49 2.235
1.5 2.265
1.51 2.2952
1.52 2.3256
1.53 2.3562
1.54 2.387
1.55 2.418
1.56 2.4492
1.57 2.4806
1.58 2.5122
1.59 2.544
1.6 2.576
1.61 2.6082
1.62 2.6406
1.63 2.6732
1.64 2.706
1.65 2.739
1.66 2.7722
1.67 2.8056
1.68 2.8392
1.69 2.873
1.7 2.907
1.71 2.9412
1.72 2.9756
1.73 3.0102
1.74 3.045
1.75 3.08
1.76 3.1152
1.77 3.1506
1.78 3.1862
1.79 3.222
1.8 3.258
1.81 3.2942
1.82 3.3306
1.83 3.3672
1.84 3.404
1.85 3.441
1.86 3.4782
1.87 3.5156
1.88 3.5532
1.89 3.591
1.9 3.629
1.91 3.6672
1.92 3.7056
1.93 3.7442
1.94 3.783
1.95 3.822
1.96 3.8612
1.97 3.9006
1.98 3.9402
1.99 3.98
2 4.02
2.01 4.0602
2.02 4.1006
2.03 4.1412
2.04 4.182
2.05 4.223
2.06 4.2642
2.07 4.3056
2.08 4.3472
2.09 4.389
2.1 4.431
2.11 4.4732
2.12 4.5156
2.13 4.5582
2.14 4.601
2.15 4.644
2.16 4.6872
2.17 4.7306
2.18 4.7742
2.19 4.818
2.2 4.862
2.21 4.9062
2.22 4.9506
2.23 4.9952
2.24 5.04
2.25 5.085
2.26 5.1302
2.27 5.1756
2.28 5.2212
2.29 5.267
2.3 5.313
2.31 5.3592
2.32 5.4056
2.33 5.4522
2.34 5.499
2.35 5.546
2.36 5.5932
2.37 5.6406
2.38 5.6882
2.39 5.736
2.4 5.784
2.41 5.8322
2.42 5.8806
2.43 5.9292
2.44 5.978
2.45 6.027
2.46 6.0762
2.47 6.1256
2.48 6.1752
2.49 6.225
2.5 6.275
2.51 6.3252
2.52 6.3756
2.53 6.4262
2.54 6.477
2.55 6.528
2.56 6.5792
2.57 6.6306
2.58 6.6822
2.59 6.734
2.6 6.786
2.61 6.8382
2.62 6.8906
2.63 6.9432
2.64 6.996
2.65 7.049
2.66 7.1022
2.67 7.1556
2.68 7.2092
2.69 7.263
2.7 7.317
2.71 7.3712
2.72 7.4256
2.73 7.4802
2.74 7.535
2.75 7.59
2.76 7.6452
2.77 7.7006
2.78 7.7562
2.79 7.812
2.8 7.868
2.81 7.9242
2.82 7.9806
2.83 8.0372
2.84 8.094
2.85 8.151
2.86 8.2082
2.87 8.2656
2.88 8.3232
2.89 8.381
2.9 8.439
2.91 8.4972
2.92 8.5556
2.93 8.6142
2.94 8.673
2.95 8.732
2.96 8.7912
2.97 8.8506
2.98 8.9102
2.99 8.97
3 9.03
3.01 9.0902
3.02 9.1506
3.03 9.2112
3.04 9.272
3.05 9.333
3.06 9.3942
3.07 9.4556
3.08 9.5172
3.09 9.579
3.1 9.641
3.11 9.7032
3.12 9.7656
3.13 9.8282
3.14 9.891
3.15 9.954
3.16 10.0172
3.17 10.0806
3.18 10.1442
3.19 10.208
3.2 10.272
3.21 10.3362
3.22 10.4006
3.23 10.4652
3.24 10.53
3.25 10.595
3.26 10.6602
3.27 10.7256
3.28 10.7912
3.29 10.857
3.3 10.923
3.31 10.9892
3.32 11.0556
3.33 11.1222
3.34 11.189
3.35 11.256
3.36 11.3232
3.37 11.3906
3.38 11.4582
3.39 11.526
3.4 11.594
3.41 11.6622
3.42 11.7306
3.43 11.7992
3.44 11.868
3.45 11.937
3.46 12.0062
3.47 12.0756
3.48 12.1452
3.49 12.215
3.5 12.285
3.51 12.3552
3.52 12.4256
3.53 12.4962
3.54 12.567
3.55 12.638
3.56 12.7092
3.57 12.7806
3.58 12.8522
3.59 12.924
3.6 12.996
3.61 13.0682
3.62 13.1406
3.63 13.2132
3.64 13.286
3.65 13.359
3.66 13.4322
3.67 13.5056
3.68 13.5792
3.69 13.653
3.7 13.727
3.71 13.8012
3.72 13.8756
3.73 13.9502
3.74 14.025
3.75 14.1
3.76 14.1752
3.77 14.2506
3.78 14.3262
3.79 14.402
3.8 14.478
3.81 14.5542
3.82 14.6306
3.83 14.7072
3.84 14.784
3.85 14.861
3.86 14.9382
3.87 15.0156
3.88 15.0932
3.89 15.171
3.9 15.249
3.91 15.3272
3.92 15.4056
3.93 15.4842
3.94 15.563
3.95 15.642
3.96 15.7212
3.97 15.8006
3.98 15.8802
3.99 15.96
4 16.04
4.01 16.1202
4.02 16.2006
4.03 16.2812
4.04 16.362
4.05 16.443
4.06 16.5242
4.07 16.6056
4.08 16.6872
4.09 16.769
4.1 16.851
4.11 16.9332
4.12 17.0156
4.13 17.0982
4.14 17.181
4.15 17.264
4.16 17.3472
4.17 17.4306
4.18 17.5142
4.19 17.598
4.2 17.682
4.21 17.7662
4.22 17.8506
4.23 17.9352
4.24 18.02
4.25 18.105
4.26 18.1902
4.27 18.2756
4.28 18.3612
4.29 18.447
4.3 18.533
4.31 18.6192
4.32 18.7056
4.33 18.7922
4.34 18.879
4.35 18.966
4.36 19.0532
4.37 19.1406
4.38 19.2282
4.39 19.316
4.4 19.404
4.41 19.4922
4.42 19.5806
4.43 19.6692
4.44 19.758
4.45 19.847
4.46 19.9362
4.47 20.0256
4.48 20.1152
4.49 20.205
4.5 20.295
4.51 20.3852
4.52 20.4756
4.53 20.5662
4.54 20.657
4.55 20.748
4.56 20.8392
4.57 20.9306
4.58 21.0222
4.59 21.114
4.6 21.206
4.61 21.2982
4.62 21.3906
4.63 21.4832
4.64 21.576
4.65 21.669
4.66 21.7622
4.67 21.8556
4.68 21.9492
4.69 22.043
4.7 22.137
4.71 22.2312
4.72 22.3256
4.73 22.4202
4.74 22.515
4.75 22.61
4.76 22.7052
4.77 22.8006
4.78 22.8962
4.79 22.992
4.8 23.088
4.81 23.1842
4.82 23.2806
4.83 23.3772
4.84 23.474
4.85 23.571
4.86 23.6682
4.87 23.7656
4.88 23.8632
4.89 23.961
4.9 24.059
4.91 24.1572
4.92 24.2556
4.93 24.3542
4.94 24.453
4.95 24.552
4.96 24.6512
4.97 24.7506
4.98 24.8502
4.99 24.95
5 25.05
5.01 25.1502
5.02 25.2506
5.03 25.3512
5.04 25.452
5.05 25.553
5.06 25.6542
5.07 25.7556
5.08 25.8572
5.09 25.959
5.1 26.061
5.11 26.1632
5.12 26.2656
5.13 26.3682
5.14 26.471
5.15 26.574
5.16 26.6772
5.17 26.7806
5.18 26.8842
5.19 26.988
5.2 27.092
5.21 27.1962
5.22 27.3006
5.23 27.4052
5.24 27.51
5.25 27.615
5.26 27.7202
5.27 27.8256
5.28 27.9312
5.29 28.037
5.3 28.143
5.31 28.2492
5.32 28.3556
5.33 28.4622
5.34 28.569
5.35 28.676
5.36 28.7832
5.37 28.8906
5.38 28.9982
5.39 29.106
5.4 29.214
5.41 29.3222
5.42 29.4306
5.43 29.5392
5.44 29.648
5.45 29.757
5.46 29.8662
5.47 29.9756
5.48 30.0852
5.49 30.195
5.5 30.305
5.51 30.4152
5.52 30.5256
5.53 30.6362
5.54 30.747
5.55 30.858
5.56 30.9692
5.57 31.0806
5.58 31.1922
5.59 31.304
5.6 31.416
5.61 31.5282
5.62 31.6406
5.63 31.7532
5.64 31.866
5.65 31.979
5.66 32.0922
5.67 32.2056
5.68 32.3192
5.69 32.433
5.7 32.547
5.71 32.6612
5.72 32.7756
5.73 32.8902
5.74 33.005
5.75 33.12
5.76 33.2352
5.77 33.3506
5.78 33.4662
5.79 33.582
5.8 33.698
5.81 33.8142
5.82 33.9306
5.83 34.0472
5.84 34.164
5.85 34.281
5.86 34.3982
5.87 34.5156
5.88 34.6332
5.89 34.751
5.9 34.869
5.91 34.9872
5.92 35.1056
5.93 35.2242
5.94 35.343
5.95 35.462
5.96 35.5812
5.97 35.7006
5.98 35.8202
5.99 35.94
6 36.06
6.01 36.1802
6.02 36.3006
6.03 36.4212
6.04 36.542
6.05 36.663
6.06 36.7842
6.07 36.9056
6.08 37.0272
6.09 37.149
6.1 37.271
6.11 37.3932
6.12 37.5156
6.13 37.6382
6.14 37.761
6.15 37.884
6.16 38.0072
6.17 38.1306
6.18 38.2542
6.19 38.378
6.2 38.502
6.21 38.6262
6.22 38.7506
6.23 38.8752
6.24 39
6.25 39.125
6.26 39.2502
6.27 39.3756
6.28 39.5012
6.29 39.627
6.3 39.753
6.31 39.8792
6.32 40.0056
6.33 40.1322
6.34 40.259
6.35 40.386
6.36 40.5132
6.37 40.6406
6.38 40.7682
6.39 40.896
6.4 41.024
6.41 41.1522
6.42 41.2806
6.43 41.4092
6.44 41.538
6.45 41.667
6.46 41.7962
6.47 41.9256
6.48 42.0552
6.49 42.185
6.5 42.315
6.51 42.4452
6.52 42.5756
6.53 42.7062
6.54 42.837
6.55 42.968
6.56 43.0992
6.57 43.2306
6.58 43.3622
6.59 43.494
6.6 43.626
6.61 43.7582
6.62 43.8906
6.63 44.0232
6.64 44.156
6.65 44.289
6.66 44.4222
6.67 44.5556
6.68 44.6892
6.69 44.823
6.7 44.957
6.71 45.0912
6.72 45.2256
6.73 45.3602
6.74 45.495
6.75 45.63
6.76 45.7652
6.77 45.9006
6.78 46.0362
6.79 46.172
6.8 46.308
6.81 46.4442
6.82 46.5806
6.83 46.7172
6.84 46.854
6.85 46.991
6.86 47.1282
6.87 47.2656
6.88 47.4032
6.89 47.541
6.9 47.679
6.91 47.8172
6.92 47.9556
6.93 48.0942
6.94 48.233
6.95 48.372
6.96 48.5112
6.97 48.6506
6.98 48.7902
6.99 48.93
7 49.07
7.01 49.2102
7.02 49.3506
7.03 49.4912
7.04 49.632
7.05 49.773
7.06 49.9142
7.07 50.0556
7.08 50.1972
7.09 50.339
7.1 50.481
7.11 50.6232
7.12 50.7656
7.13 50.9082
7.14 51.051
7.15 51.194
7.16 51.3372
7.17 51.4806
7.18 51.6242
7.19 51.768
7.2 51.912
7.21 52.0562
7.22 52.2006
7.23 52.3452
7.24 52.49
7.25 52.635
7.26 52.7802
7.27 52.9256
7.28 53.0712
7.29 53.217
7.3 53.363
7.31 53.5092
7.32 53.6556
7.33 53.8022
7.34 53.949
7.35 54.096
7.36 54.2432
7.37 54.3906
7.38 54.5382
7.39 54.686
7.4 54.834
7.41 54.9822
7.42 55.1306
7.43 55.2792
7.44 55.428
7.45 55.577
7.46 55.7262
7.47 55.8756
7.48 56.0252
7.49 56.175
7.5 56.325
7.51 56.4752
7.52 56.6256
7.53 56.7762
7.54 56.927
7.55 57.078
7.56 57.2292
7.57 57.3806
7.58 57.5322
7.59 57.684
7.6 57.836
7.61 57.9882
7.62 58.1406
7.63 58.2932
7.64 58.446
7.65 58.599
7.66 58.7522
7.67 58.9056
7.68 59.0592
7.69 59.213
7.7 59.367
7.71 59.5212
7.72 59.6756
7.73 59.8302
7.74 59.985
7.75 60.14
7.76 60.2952
7.77 60.4506
7.78 60.6062
7.79 60.762
7.8 60.918
7.81 61.0742
7.82 61.2306
7.83 61.3872
7.84 61.544
7.85 61.701
7.86 61.8582
7.87 62.0156
7.88 62.1732
7.89 62.331
7.9 62.489
7.91 62.6472
7.92 62.8056
7.93 62.9642
7.94 63.123
7.95 63.282
7.96 63.4412
7.97 63.6006
7.98 63.7602
7.99 63.92
8 64.08
8.01 64.2402
8.02 64.4006
8.03 64.5612
8.04 64.722
8.05 64.883
8.06 65.0442
8.07 65.2056
8.08 65.3672
8.09 65.529
8.1 65.691
8.11 65.8532
8.12 66.0156
8.13 66.1782
8.14 66.341
8.15 66.504
8.16 66.6672
8.17 66.8306
8.18 66.9942
8.19 67.158
8.2 67.322
8.21 67.4862
8.22 67.6506
8.23 67.8152
8.24 67.98
8.25 68.145
8.26 68.3102
8.27 68.4756
8.28 68.6412
8.29 68.807
8.3 68.973
8.31 69.1392
8.32 69.3056
8.33 69.4722
8.34 69.639
8.35 69.806
8.36 69.9732
8.37 70.1406
8.38 70.3082
8.39 70.476
8.4 70.644
8.41 70.8122
8.42 70.9806
8.43 71.1492
8.44 71.318
8.45 71.487
8.46 71.6562
8.47 71.8256
8.48 71.9952
8.49 72.165
8.5 72.335
8.51 72.5052
8.52 72.6756
8.53 72.8462
8.54 73.017
8.55 73.188
8.56 73.3592
8.57 73.5306
8.58 73.7022
8.59 73.874
8.6 74.046
8.61 74.2182
8.62 74.3906
8.63 74.5632
8.64 74.736
8.65 74.909
8.66 75.0822
8.67 75.2556
8.68 75.4292
8.69 75.603
8.7 75.777
8.71 75.9512
8.72 76.1256
8.73 76.3002
8.74 76.475
8.75 76.65
8.76 76.8252
8.77 77.0006
8.78 77.1762
8.79 77.352
8.8 77.528
8.81 77.7042
8.82 77.8806
8.83 78.0572
8.84 78.234
8.85 78.411
8.86 78.5882
8.87 78.7656
8.88 78.9432
8.89 79.121
8.9 79.299
8.91 79.4772
8.92 79.6556
8.93 79.8342
8.94 80.013
8.95 80.192
8.96 80.3712
8.97 80.5506
8.98 80.7302
8.99 80.91
9 81.09
9.01 81.2702
9.02 81.4506
9.03 81.6312
9.04 81.812
9.05 81.993
9.06 82.1742
9.07 82.3556
9.08 82.5372
9.09 82.719
9.1 82.901
9.11 83.0832
9.12 83.2656
9.13 83.4482
9.14 83.631
9.15 83.814
9.16 83.9972
9.17 84.1806
9.18 84.3642
9.19 84.548
9.2 84.732
9.21 84.9162
9.22 85.1006
9.23 85.2852
9.24 85.47
9.25 85.655
9.26 85.8402
9.27 86.0256
9.28 86.2112
9.29 86.397
9.3 86.583
9.31 86.7692
9.32 86.9556
9.33 87.1422
9.34 87.329
9.35 87.516
9.36 87.7032
9.37 87.8906
9.38 88.0782
9.39 88.266
9.4 88.454
9.41 88.6422
9.42 88.8306
9.43 89.0192
9.44 89.208
9.45 89.397
9.46 89.5862
9.47 89.7756
9.48 89.9652
9.49 90.155
9.5 90.345
9.51 90.5352
9.52 90.7256
9.53 90.9162
9.54 91.107
9.55 91.298
9.56 91.4892
9.57 91.6806
9.58 91.8722
9.59 92.064
9.6 92.256
9.61 92.4482
9.62 92.6406
9.63 92.8332
9.64 93.026
9.65 93.219
9.66 93.4122
9.67 93.6056
9.68 93.7992
9.69 93.993
9.7 94.187
9.71 94.3812
9.72 94.5756
9.73 94.7702
9.74 94.965
9.75 95.16
9.76 95.3552
9.77 95.5506
9.78 95.7462
9.79 95.942
9.8 96.138
9.81 96.3342
9.82 96.5306
9.83 96.7272
9.84 96.924
9.85 97.121
9.86 97.3182
9.87 97.5156
9.88 97.7132
9.89 97.911
9.9 98.109
9.91 98.3072
9.92 98.5056
9.93 98.7042
9.94 98.903
9.95 99.102
9.96 99.3012
9.97 99.5006
9.98 99.7002
9.99 99.9

